
pho1 = [0.48, 0.97, 1.54, 1.92, 2.43]
pho2 = [0.49, 0.97, 1.50, 1.91, 2.35] 
pho3 = [0.56, 0.98, 1.43, 1.91, 2.48] 
pho4 = [0.55, 0.95, 1.38, 1.95, 2.50] 
pho5 = [0.50, 0.98, 1.42, 2.07, 2.41]

swi1 = [1.23, 4.90, 11.28, 19.25, 29.31]
swi2 = [1.24, 4.85, 10.66, 18.69, 34.02]
swi3 = [1.23, 4.89, 10.74, 18.95, 29.38]
swi4 = [1.32, 5.01, 10.71, 19.28, 29.66]
swi5 = [1.31, 4.93, 11.07, 19.49, 31.30]

gnu1 = [1.31, 2.47, 3.94, 4.90, 5.97] 
[1.33, 2.52, 3.66, 4.85, 6.48] 
[1.86, 3.66, 4.18, 5.76, 6.67] 
[1.65, 3.17, 4.15, 5.42, 6.65] 
[1.78, 3.10, 4.35, 5.65, 6.68]
