# Elapsed time   CPU (%)     Real (MB)   Virtual (MB)
       0.000        0.000        4.188     1325.059
       0.001        0.000        4.188     1325.059
       0.001        0.000        4.188     1325.059
       0.002        0.000        4.188     1325.059
       0.002        0.000        4.188     1325.059
       0.002        0.000        4.188     1325.059
       0.002        0.000        4.188     1325.059
       0.003        0.000        4.188     1325.059
       0.003        0.000        4.188     1325.059
       0.003        0.000        4.188     1325.059
       0.003        0.000        4.188     1325.059
       0.004        0.000        4.188     1325.059
       0.004        0.000        4.188     1325.059
       0.004        0.000        4.188     1325.059
       0.005        0.000        4.188     1325.059
       0.005        0.000        4.188     1325.059
       0.005        0.000        4.188     1325.059
       0.005        0.000        4.188     1325.059
       0.006        0.000        4.188     1325.059
       0.006        0.000        4.188     1325.059
       0.006        0.000        4.188     1325.059
       0.006        0.000        4.188     1325.059
       0.006        0.000        4.188     1325.059
       0.006        0.000        4.188     1325.059
       0.007        0.000        4.188     1325.059
       0.007        0.000        4.188     1325.059
       0.007        0.000        4.188     1325.059
       0.007        0.000        4.188     1325.059
       0.007        0.000        4.188     1325.059
       0.008        0.000        4.188     1325.059
       0.008        0.000        4.188     1325.059
       0.008        0.000        4.188     1325.059
       0.008        0.000        4.188     1325.059
       0.009        0.000        4.188     1325.059
       0.009        0.000        4.188     1325.059
       0.009        0.000        4.188     1325.059
       0.009        0.000        4.188     1325.059
       0.009        0.000        4.188     1325.059
       0.010        0.000        4.188     1325.059
       0.010        0.000        4.188     1325.059
       0.010        0.000        4.188     1325.059
       0.010        0.000        4.188     1325.059
       0.010        0.000        4.188     1325.059
       0.011        0.000        4.188     1325.059
       0.011        0.000        4.188     1325.059
       0.011        0.000        4.188     1325.059
       0.011        0.000        4.188     1325.059
       0.011        0.000        4.188     1325.059
       0.012        0.000        4.188     1325.059
       0.012        0.000        4.188     1325.059
       0.012        0.000        4.188     1325.059
       0.012        0.000        4.188     1325.059
       0.012        0.000        4.188     1325.059
       0.013        0.000        4.188     1325.059
       0.013        0.000        4.188     1325.059
       0.013        0.000        4.406     1325.059
       0.013        0.000        4.406     1325.059
       0.013        0.000        4.664     1325.059
       0.013        0.000        4.922     1325.059
       0.014        0.000        4.922     1325.059
       0.014        0.000        5.180     1325.059
       0.014        0.000        5.438     1325.059
       0.014        0.000        5.438     1325.059
       0.014        0.000        5.695     1325.059
       0.014        0.000        5.953     1325.059
       0.015        0.000        5.953     1325.059
       0.015        0.000        6.211     1325.059
       0.015        0.000        6.211     1325.059
       0.015        0.000        6.469     1325.059
       0.015        0.000        6.469     1325.059
       0.015        0.000        6.727     1325.059
       0.016        0.000        6.984     1325.059
       0.016        0.000        6.984     1325.059
       0.016        0.000        7.242     1325.059
       0.016        0.000        7.500     1325.059
       0.016        0.000        7.500     1325.059
       0.016        0.000        7.758     1325.059
       0.016        0.000        8.016     1325.059
       0.017        0.000        8.016     1325.059
       0.017        0.000        8.273     1325.059
       0.017        0.000        8.531     1325.059
       0.017        0.000        8.531     1325.059
       0.017        0.000        8.789     1325.059
       0.017        0.000        9.047     1325.059
       0.018        0.000        9.047     1325.059
       0.018        0.000        9.305     1325.059
       0.018        0.000        9.562     1325.059
       0.018        0.000        9.562     1325.059
       0.018        0.000        9.820     1325.059
       0.018        0.000       10.078     1325.059
       0.019        0.000       10.078     1325.059
       0.019        0.000       10.078     1325.059
       0.019        0.000       10.336     1325.059
       0.019        0.000       10.594     1325.059
       0.019        0.000       10.594     1325.059
       0.019        0.000       10.852     1325.059
       0.020        0.000       11.109     1325.059
       0.020        0.000       11.109     1325.059
       0.020        0.000       11.367     1325.059
       0.020        0.000       11.367     1325.059
       0.020        0.000       11.625     1325.059
       0.020        0.000       11.883     1325.059
       0.020        0.000       11.883     1325.059
       0.021        0.000       12.141     1325.059
       0.021        0.000       12.398     1325.059
       0.021        0.000       12.398     1325.059
       0.021        0.000       12.656     1325.059
       0.021     5585.000       12.914     1325.059
       0.021        0.000       12.914     1325.059
       0.022        0.000       13.172     1325.059
       0.022        0.000       13.430     1325.059
       0.022        0.000       13.430     1325.059
       0.022        0.000       13.688     1325.059
       0.022        0.000       13.945     1325.059
       0.022        0.000       13.945     1325.059
       0.023        0.000       14.203     1325.059
       0.023        0.000       14.461     1325.059
       0.023        0.000       14.461     1325.059
       0.023        0.000       14.719     1325.059
       0.023        0.000       14.977     1325.059
       0.023        0.000       14.977     1325.059
       0.023        0.000       15.234     1325.059
       0.023        0.000       15.234     1325.059
       0.024        0.000       15.492     1325.059
       0.024        0.000       15.492     1325.059
       0.024        0.000       15.750     1325.059
       0.024        0.000       16.008     1325.059
       0.024        0.000       16.008     1325.059
       0.024        0.000       16.266     1325.059
       0.024        0.000       16.523     1325.059
       0.025        0.000       16.523     1325.059
       0.025        0.000       16.781     1325.059
       0.025        0.000       17.039     1325.059
       0.025        0.000       17.039     1325.059
       0.025        0.000       17.297     1325.059
       0.025        0.000       17.555     1325.059
       0.025        0.000       17.555     1325.059
       0.025        0.000       17.812     1325.059
       0.026        0.000       18.070     1325.059
       0.026        0.000       18.070     1325.059
       0.026        0.000       18.328     1325.059
       0.026        0.000       18.328     1325.059
       0.026        0.000       18.586     1325.059
       0.026        0.000       18.844     1325.059
       0.026        0.000       18.844     1325.059
       0.027        0.000       19.102     1325.059
       0.027        0.000       19.102     1325.059
       0.027        0.000       19.359     1325.059
       0.027        0.000       19.617     1325.059
       0.027        0.000       19.617     1325.059
       0.027        0.000       19.875     1325.059
       0.027        0.000       20.133     1325.059
       0.027        0.000       20.133     1325.059
       0.028        0.000       20.391     1325.059
       0.028        0.000       20.648     1325.059
       0.028        0.000       20.648     1325.059
       0.028        0.000       20.906     1325.059
       0.028        0.000       20.906     1325.059
       0.028        0.000       21.164     1325.059
       0.028     7626.000       21.164     1325.059
       0.029        0.000       21.422     1325.059
       0.029        0.000       21.422     1325.059
       0.029        0.000       21.680     1325.059
       0.029        0.000       21.938     1325.059
       0.029        0.000       21.938     1325.059
       0.029        0.000       22.195     1325.059
       0.029        0.000       22.453     1325.059
       0.029        0.000       22.711     1325.059
       0.030        0.000       22.711     1325.059
       0.030        0.000       22.969     1325.059
       0.030        0.000       22.969     1325.059
       0.030        0.000       23.227     1325.059
       0.030        0.000       23.227     1325.059
       0.030        0.000       23.484     1325.059
       0.030        0.000       23.742     1325.059
       0.031        0.000       23.742     1325.059
       0.031        0.000       24.000     1325.059
       0.031        0.000       24.258     1325.059
       0.031        0.000       24.258     1325.059
       0.031        0.000       24.516     1325.059
       0.031        0.000       24.773     1325.059
       0.031        0.000       24.773     1325.059
       0.031        0.000       25.031     1325.059
       0.032        0.000       25.289     1325.059
       0.032        0.000       25.289     1325.059
       0.032        0.000       25.547     1325.059
       0.032        0.000       25.547     1325.059
       0.032        0.000       25.805     1325.059
       0.032        0.000       26.062     1325.059
       0.032        0.000       26.062     1325.059
       0.032        0.000       26.320     1325.059
       0.033        0.000       26.578     1325.059
       0.033        0.000       26.578     1325.059
       0.033        0.000       26.836     1325.059
       0.033        0.000       27.094     1325.059
       0.033        0.000       27.352     1325.059
       0.033        0.000       27.352     1325.059
       0.034        0.000       27.609     1325.059
       0.034        0.000       27.867     1325.059
       0.034        0.000       27.867     1325.059
       0.034        0.000       28.125     1325.059
       0.034        0.000       28.125     1325.059
       0.034        0.000       28.383     1325.059
       0.034        0.000       28.641     1325.059
       0.035        0.000       28.641     1325.059
       0.035        0.000       28.898     1325.059
       0.035        0.000       29.156     1325.059
       0.035        0.000       29.156     1325.059
       0.035        0.000       29.414     1325.059
       0.035        0.000       29.672     1325.059
       0.036        0.000       29.672     1325.059
       0.036        0.000       29.930     1325.059
       0.036        0.000       29.930     1325.059
       0.036        0.000       30.188     1325.059
       0.036        0.000       30.445     1325.059
       0.036        0.000       30.445     1325.059
       0.036        0.000       30.703     1325.059
       0.037        0.000       30.703     1325.059
       0.037        0.000       30.961     1325.059
       0.037        0.000       31.219     1325.059
       0.037        0.000       31.219     1325.059
       0.037        0.000       31.477     1325.059
       0.037        0.000       31.734     1325.059
       0.038        0.000       31.734     1325.059
       0.038        0.000       31.992     1325.059
       0.038        0.000       32.250     1325.059
       0.038        0.000       32.250     1325.059
       0.038     6213.800       32.508     1325.059
       0.038        0.000       32.508     1325.059
       0.038        0.000       32.766     1325.059
       0.039        0.000       32.766     1325.059
       0.039        0.000       33.023     1325.059
       0.039        0.000       33.281     1325.059
       0.039        0.000       33.281     1325.059
       0.039        0.000       33.539     1325.059
       0.039        0.000       33.797     1325.059
       0.040        0.000       33.797     1325.059
       0.040        0.000       34.055     1325.059
       0.040        0.000       34.312     1325.059
       0.040        0.000       34.312     1325.059
       0.040        0.000       34.570     1325.059
       0.040        0.000       34.570     1325.059
       0.040        0.000       34.828     1325.059
       0.041        0.000       35.086     1325.059
       0.041        0.000       35.086     1325.059
       0.041        0.000       35.344     1325.059
       0.041        0.000       35.602     1325.059
       0.041        0.000       35.602     1325.059
       0.041        0.000       35.859     1325.059
       0.042        0.000       35.859     1325.059
       0.042        0.000       36.117     1325.059
       0.042        0.000       36.375     1325.059
       0.042        0.000       36.375     1325.059
       0.042        0.000       36.633     1325.059
       0.042        0.000       36.891     1325.059
       0.042        0.000       36.891     1325.059
       0.043        0.000       37.148     1325.059
       0.043        0.000       37.148     1325.059
       0.043        0.000       37.406     1325.059
       0.043        0.000       37.664     1325.059
       0.043        0.000       37.664     1325.059
       0.043        0.000       37.922     1325.059
       0.044        0.000       38.180     1325.059
       0.044        0.000       38.180     1325.059
       0.044        0.000       38.438     1325.059
       0.044        0.000       38.438     1325.059
       0.044        0.000       38.695     1325.059
       0.044        0.000       38.953     1325.059
       0.044        0.000       38.953     1325.059
       0.045        0.000       39.211     1325.059
       0.045        0.000       39.469     1325.059
       0.045        0.000       39.469     1325.059
       0.045        0.000       39.727     1325.059
       0.045        0.000       39.984     1325.059
       0.045        0.000       39.984     1325.059
       0.046        0.000       40.242     1325.059
       0.046        0.000       40.242     1325.059
       0.046        0.000       40.500     1325.059
       0.046        0.000       40.758     1325.059
       0.046        0.000       40.758     1325.059
       0.046        0.000       41.016     1325.059
       0.046        0.000       41.273     1325.059
       0.047        0.000       41.273     1325.059
       0.047        0.000       41.531     1325.059
       0.047        0.000       41.531     1325.059
       0.047        0.000       41.789     1325.059
       0.047        0.000       42.047     1325.059
       0.047        0.000       42.047     1325.059
       0.048        0.000       42.305     1325.059
       0.048        0.000       42.562     1325.059
       0.048        0.000       42.562     1325.059
       0.048        0.000       42.820     1325.059
       0.048        0.000       42.820     1325.059
       0.048        0.000       43.078     1325.059
       0.048        0.000       43.078     1325.059
       0.048        0.000       43.336     1325.059
       0.049        0.000       43.594     1325.059
       0.049        0.000       43.594     1325.059
       0.049        0.000       43.852     1325.059
       0.049        0.000       44.109     1325.059
       0.049        0.000       44.109     1325.059
       0.049        0.000       44.367     1325.059
       0.049     7256.600       44.625     1325.059
       0.049        0.000       44.625     1325.059
       0.050        0.000       44.883     1325.059
       0.050        0.000       44.883     1325.059
       0.050        0.000       45.141     1325.059
       0.050        0.000       45.398     1325.059
       0.050        0.000       45.398     1325.059
       0.050        0.000       45.656     1325.059
       0.050        0.000       45.914     1325.059
       0.050        0.000       45.914     1325.059
       0.050        0.000       46.172     1325.059
       0.051        0.000       46.430     1325.059
       0.051        0.000       46.430     1325.059
       0.051        0.000       46.688     1325.059
       0.051        0.000       46.945     1325.059
       0.051        0.000       46.945     1325.059
       0.051        0.000       47.203     1325.059
       0.051        0.000       47.461     1325.059
       0.051        0.000       47.461     1325.059
       0.051        0.000       47.719     1325.059
       0.052        0.000       47.977     1325.059
       0.052        0.000       47.977     1325.059
       0.052        0.000       48.234     1325.059
       0.052        0.000       48.234     1325.059
       0.052        0.000       48.492     1325.059
       0.052        0.000       48.750     1325.059
       0.052        0.000       48.750     1325.059
       0.052        0.000       49.008     1325.059
       0.052        0.000       49.266     1325.059
       0.053        0.000       49.266     1325.059
       0.053        0.000       49.523     1325.059
       0.053        0.000       49.523     1325.059
       0.053        0.000       49.781     1325.059
       0.053        0.000       50.039     1325.059
       0.053        0.000       50.039     1325.059
       0.053        0.000       50.297     1325.059
       0.053        0.000       50.555     1325.059
       0.053        0.000       50.555     1325.059
       0.054        0.000       50.812     1325.059
       0.054        0.000       51.070     1325.059
       0.054        0.000       51.070     1325.059
       0.054        0.000       51.328     1325.059
       0.054        0.000       51.328     1325.059
       0.054        0.000       51.586     1325.059
       0.054        0.000       51.844     1325.059
       0.054        0.000       51.844     1325.059
       0.054        0.000       52.102     1325.059
       0.055        0.000       52.359     1325.059
       0.055        0.000       52.359     1325.059
       0.055        0.000       52.617     1325.059
       0.055        0.000       52.617     1325.059
       0.055        0.000       52.875     1325.059
       0.055        0.000       53.133     1325.059
       0.055        0.000       53.133     1325.059
       0.055        0.000       53.391     1325.059
       0.056        0.000       53.648     1325.059
       0.056        0.000       53.648     1325.059
       0.056        0.000       53.906     1325.059
       0.056        0.000       53.906     1325.059
       0.056        0.000       54.164     1325.059
       0.056        0.000       54.422     1325.059
       0.056        0.000       54.422     1325.059
       0.056        0.000       54.680     1325.059
       0.056        0.000       54.938     1325.059
       0.057        0.000       54.938     1325.059
       0.057        0.000       55.195     1325.059
       0.057        0.000       55.195     1325.059
       0.057        0.000       55.453     1325.059
       0.057        0.000       55.711     1325.059
       0.057        0.000       55.711     1325.059
       0.057     9020.000       55.969     1325.059
       0.057        0.000       56.227     1325.059
       0.057        0.000       56.227     1325.059
       0.058        0.000       56.484     1325.059
       0.058        0.000       56.742     1325.059
       0.058        0.000       56.742     1325.059
       0.058        0.000       57.000     1325.059
       0.058        0.000       57.258     1325.059
       0.058        0.000       57.258     1325.059
       0.058        0.000       57.516     1325.059
       0.058        0.000       57.516     1325.059
       0.058        0.000       57.773     1325.059
       0.059        0.000       58.031     1325.059
       0.059        0.000       58.031     1325.059
       0.059        0.000       58.289     1325.059
       0.059        0.000       58.289     1325.059
       0.059        0.000       58.547     1325.059
       0.059        0.000       58.805     1325.059
       0.059        0.000       58.805     1325.059
       0.059        0.000       59.062     1325.059
       0.059        0.000       59.320     1325.059
       0.060        0.000       59.320     1325.059
       0.060        0.000       59.578     1325.059
       0.060        0.000       59.836     1325.059
       0.060        0.000       60.094     1325.059
       0.060        0.000       60.352     1325.059
       0.060        0.000       60.352     1325.059
       0.060        0.000       60.609     1325.059
       0.061        0.000       60.867     1325.059
       0.061        0.000       60.867     1325.059
       0.061        0.000       61.125     1325.059
       0.061        0.000       61.125     1325.059
       0.061        0.000       61.383     1325.059
       0.061        0.000       61.641     1325.059
       0.061        0.000       61.641     1325.059
       0.061        0.000       61.898     1325.059
       0.061        0.000       62.156     1325.059
       0.062        0.000       62.156     1325.059
       0.062        0.000       62.414     1325.059
       0.062        0.000       62.672     1325.059
       0.062        0.000       62.672     1325.059
       0.062        0.000       62.930     1325.059
       0.062        0.000       63.188     1325.059
       0.062        0.000       63.188     1325.059
       0.062        0.000       63.445     1325.059
       0.062        0.000       63.703     1325.059
       0.063        0.000       63.703     1325.059
       0.063        0.000       63.961     1325.059
       0.063        0.000       63.961     1325.059
       0.063        0.000       64.219     1325.059
       0.063        0.000       64.477     1325.059
       0.063        0.000       64.477     1325.059
       0.063        0.000       64.734     1325.059
       0.063        0.000       64.992     1325.059
       0.063        0.000       64.992     1325.059
       0.064        0.000       65.250     1325.059
       0.064        0.000       65.508     1325.059
       0.064        0.000       65.508     1325.059
       0.064        0.000       65.766     1325.059
       0.064        0.000       66.023     1325.059
       0.064        0.000       66.023     1325.059
       0.064        0.000       66.281     1325.059
       0.064        0.000       66.281     1325.059
       0.064        0.000       66.539     1325.059
       0.065        0.000       66.797     1325.059
       0.065        0.000       66.797     1325.059
       0.065        0.000       67.055     1325.059
       0.065        0.000       67.312     1325.059
       0.065        0.000       67.312     1325.059
       0.065        0.000       67.570     1325.059
       0.065        0.000       67.828     1325.059
       0.065        0.000       67.828     1325.059
       0.066        0.000       68.086     1325.059
       0.066        0.000       68.344     1325.059
       0.066        0.000       68.344     1325.059
       0.066        0.000       68.602     1325.059
       0.066        0.000       68.859     1325.059
       0.066        0.000       68.859     1325.059
       0.066        0.000       69.117     1325.059
       0.066        0.000       69.375     1325.059
       0.066        0.000       69.375     1325.059
       0.067        0.000       69.633     1325.059
       0.067        0.000       69.891     1325.059
       0.067        0.000       69.891     1325.059
       0.067        0.000       70.148     1325.059
       0.067        0.000       70.406     1325.059
       0.067        0.000       70.406     1325.059
       0.067        0.000       70.664     1325.059
       0.067        0.000       70.664     1325.059
       0.067        0.000       70.922     1325.059
       0.068        0.000       71.180     1325.059
       0.068        0.000       71.438     1325.059
       0.068        0.000       71.438     1325.059
       0.068        0.000       71.695     1325.059
       0.068        0.000       71.953     1325.059
       0.068        0.000       71.953     1325.059
       0.068        0.000       72.211     1325.059
       0.068        0.000       72.469     1325.059
       0.068        0.000       72.469     1325.059
       0.069        0.000       72.727     1325.059
       0.069        0.000       72.984     1325.059
       0.069        0.000       72.984     1325.059
       0.069        0.000       73.242     1325.059
       0.069        0.000       73.242     1325.059
       0.069        0.000       73.500     1325.059
       0.069     8338.600       73.758     1325.059
       0.069        0.000       73.758     1325.059
       0.070        0.000       74.016     1325.059
       0.070        0.000       74.273     1325.059
       0.070        0.000       74.273     1325.059
       0.070        0.000       74.531     1325.059
       0.070        0.000       74.789     1325.059
       0.070        0.000       74.789     1325.059
       0.070        0.000       75.047     1325.059
       0.070        0.000       75.305     1325.059
       0.070        0.000       75.305     1325.059
       0.071        0.000       75.562     1325.059
       0.071        0.000       75.562     1325.059
       0.071        0.000       75.820     1325.059
       0.071        0.000       76.078     1325.059
       0.071        0.000       76.078     1325.059
       0.071        0.000       76.336     1325.059
       0.071        0.000       76.594     1325.059
       0.071        0.000       76.594     1325.059
       0.071        0.000       76.852     1325.059
       0.072        0.000       77.109     1325.059
       0.072        0.000       77.109     1325.059
       0.072        0.000       77.367     1325.059
       0.072        0.000       77.625     1325.059
       0.072        0.000       77.625     1325.059
       0.072        0.000       77.883     1325.059
       0.072        0.000       77.883     1325.059
       0.072        0.000       78.141     1325.059
       0.072        0.000       78.398     1325.059
       0.073        0.000       78.398     1325.059
       0.073        0.000       78.656     1325.059
       0.073        0.000       78.914     1325.059
       0.073        0.000       78.914     1325.059
       0.073        0.000       79.172     1325.059
       0.073        0.000       79.430     1325.059
       0.073        0.000       79.430     1325.059
       0.073        0.000       79.688     1325.059
       0.073        0.000       79.945     1325.059
       0.074        0.000       79.945     1325.059
       0.074        0.000       80.203     1325.059
       0.074        0.000       80.203     1325.059
       0.074        0.000       80.461     1325.059
       0.074        0.000       80.719     1325.059
       0.074        0.000       80.719     1325.059
       0.074        0.000       80.977     1325.059
       0.074        0.000       81.234     1325.059
       0.074        0.000       81.234     1325.059
       0.075        0.000       81.492     1325.059
       0.075        0.000       81.750     1325.059
       0.075        0.000       81.750     1325.059
       0.075        0.000       82.008     1325.059
       0.075        0.000       82.266     1325.059
       0.075        0.000       82.266     1325.059
       0.075        0.000       82.523     1325.059
       0.075        0.000       82.781     1325.059
       0.075        0.000       82.781     1325.059
       0.076        0.000       83.039     1325.059
       0.076        0.000       83.039     1325.059
       0.076        0.000       83.297     1325.059
       0.076        0.000       83.555     1325.059
       0.076        0.000       83.555     1325.059
       0.076        0.000       83.812     1325.059
       0.076        0.000       84.070     1325.059
       0.076        0.000       84.070     1325.059
       0.076        0.000       84.328     1325.059
       0.077        0.000       84.586     1325.059
       0.077        0.000       84.586     1325.059
       0.077        0.000       84.844     1325.059
       0.077        0.000       85.102     1325.059
       0.077        0.000       85.102     1325.059
       0.077        0.000       85.359     1325.059
       0.077        0.000       85.617     1325.059
       0.077        0.000       85.875     1325.059
       0.078        0.000       85.875     1325.059
       0.078        0.000       86.133     1325.059
       0.078        0.000       86.391     1325.059
       0.078        0.000       86.391     1325.059
       0.078        0.000       86.648     1325.059
       0.078        0.000       86.648     1325.059
       0.078        0.000       86.906     1325.059
       0.078        0.000       87.164     1325.059
       0.078        0.000       87.164     1325.059
       0.079        0.000       87.422     1325.059
       0.079        0.000       87.680     1325.059
       0.079        0.000       87.680     1325.059
       0.079        0.000       87.938     1325.059
       0.079        0.000       88.195     1325.059
       0.079        0.000       88.195     1325.059
       0.079        0.000       88.453     1325.059
       0.079        0.000       88.453     1325.059
       0.079        0.000       88.711     1325.059
       0.080        0.000       88.969     1325.059
       0.080        0.000       88.969     1325.059
       0.080        0.000       89.227     1325.059
       0.080        0.000       89.484     1325.059
       0.080        0.000       89.484     1325.059
       0.080        0.000       89.742     1325.059
       0.080        0.000       90.000     1325.059
       0.080        0.000       90.000     1325.059
       0.080        0.000       90.258     1325.059
       0.081        0.000       90.516     1325.059
       0.081        0.000       90.516     1325.059
       0.081        0.000       90.773     1325.059
       0.081        0.000       90.773     1325.059
       0.081        0.000       91.031     1325.059
       0.081        0.000       91.289     1325.059
       0.081     8473.300       91.289     1325.059
       0.081        0.000       91.547     1325.059
       0.081        0.000       91.805     1325.059
       0.082        0.000       91.805     1325.059
       0.082        0.000       92.062     1325.059
       0.082        0.000       92.320     1325.059
       0.082        0.000       92.320     1325.059
       0.082        0.000       92.578     1325.059
       0.082        0.000       92.836     1325.059
       0.082        0.000       92.836     1325.059
       0.082        0.000       93.094     1325.059
       0.082        0.000       93.352     1325.059
       0.083        0.000       93.352     1325.059
       0.083        0.000       93.609     1325.059
       0.083        0.000       93.609     1325.059
       0.083        0.000       93.867     1325.059
       0.083        0.000       94.125     1325.059
       0.083        0.000       94.125     1325.059
       0.083        0.000       94.383     1325.059
       0.083        0.000       94.641     1325.059
       0.083        0.000       94.641     1325.059
       0.084        0.000       94.898     1325.059
       0.084        0.000       95.156     1325.059
       0.084        0.000       95.156     1325.059
       0.084        0.000       95.414     1325.059
       0.084        0.000       95.672     1325.059
       0.084        0.000       95.672     1325.059
       0.084        0.000       95.930     1325.059
       0.084        0.000       95.930     1325.059
       0.084        0.000       96.188     1325.059
       0.085        0.000       96.445     1325.059
       0.085        0.000       96.445     1325.059
       0.085        0.000       96.703     1325.059
       0.085        0.000       96.961     1325.059
       0.085        0.000       96.961     1325.059
       0.085        0.000       97.219     1325.059
       0.085        0.000       97.477     1325.059
       0.085        0.000       97.477     1325.059
       0.085        0.000       97.734     1325.059
       0.086        0.000       97.992     1325.059
       0.086        0.000       97.992     1325.059
       0.086        0.000       98.250     1325.059
       0.086        0.000       98.508     1325.059
       0.086        0.000       98.508     1325.059
       0.086        0.000       98.766     1325.059
       0.086        0.000       98.766     1325.059
       0.086        0.000       99.023     1325.059
       0.086        0.000       99.281     1325.059
       0.087        0.000       99.281     1325.059
       0.087        0.000       99.539     1325.059
       0.087        0.000       99.797     1325.059
       0.087        0.000       99.797     1325.059
       0.087        0.000      100.055     1325.059
       0.087        0.000      100.312     1325.059
       0.087        0.000      100.312     1325.059
       0.087        0.000      100.570     1325.059
       0.088        0.000      100.828     1325.059
       0.088        0.000      100.828     1325.059
       0.088        0.000      101.086     1325.059
       0.088        0.000      101.344     1325.059
       0.088        0.000      101.344     1325.059
       0.088        0.000      101.602     1325.059
       0.088        0.000      101.859     1325.059
       0.088        0.000      101.859     1325.059
       0.088        0.000      102.117     1325.059
       0.089        0.000      102.375     1325.059
       0.089        0.000      102.375     1325.059
       0.089        0.000      102.633     1325.059
       0.089        0.000      102.633     1325.059
       0.089        0.000      102.891     1325.059
       0.089        0.000      103.148     1325.059
       0.089        0.000      103.406     1325.059
       0.089        0.000      103.664     1325.059
       0.090        0.000      103.664     1325.059
       0.090        0.000      103.922     1325.059
       0.090        0.000      103.922     1325.059
       0.090        0.000      104.180     1325.059
       0.090        0.000      104.438     1325.059
       0.090        0.000      104.438     1325.059
       0.090        0.000      104.695     1325.059
       0.090        0.000      104.953     1325.059
       0.090        0.000      104.953     1325.059
       0.091        0.000      105.211     1325.059
       0.091        0.000      105.469     1325.059
       0.091        0.000      105.469     1325.059
       0.091        0.000      105.727     1325.059
       0.091        0.000      105.984     1325.059
       0.091        0.000      105.984     1325.059
       0.091        0.000      106.242     1325.059
       0.091        0.000      106.242     1325.059
       0.091        0.000      106.500     1325.059
       0.092        0.000      106.758     1325.059
       0.092        0.000      106.758     1325.059
       0.092        0.000      107.016     1325.059
       0.092        0.000      107.273     1325.059
       0.092        0.000      107.273     1325.059
       0.092        0.000      107.531     1325.059
       0.092        0.000      107.789     1325.059
       0.092        0.000      107.789     1325.059
       0.092        0.000      108.047     1325.059
       0.093        0.000      108.305     1325.059
       0.093        0.000      108.305     1325.059
       0.093        0.000      108.562     1325.059
       0.093        0.000      108.562     1325.059
       0.093        0.000      108.820     1325.059
       0.093        0.000      109.078     1325.059
       0.093        0.000      109.078     1325.059
       0.093        0.000      109.336     1325.059
       0.093        0.000      109.594     1325.059
       0.094        0.000      109.594     1325.059
       0.094        0.000      109.852     1325.059
       0.094        0.000      110.109     1325.059
       0.094        0.000      110.109     1325.059
       0.094        0.000      110.367     1325.059
       0.094        0.000      110.625     1325.059
       0.094        0.000      110.625     1325.059
       0.094        0.000      110.883     1325.059
       0.094        0.000      111.141     1325.059
       0.095        0.000      111.141     1325.059
       0.095        0.000      111.398     1325.059
       0.095        0.000      111.656     1325.059
       0.095        0.000      111.656     1325.059
       0.095        0.000      111.914     1325.059
       0.095        0.000      112.172     1325.059
       0.095        0.000      112.172     1325.059
       0.095        0.000      112.430     1325.059
       0.095        0.000      112.688     1325.059
       0.095        0.000      112.688     1325.059
       0.096        0.000      112.945     1325.059
       0.096        0.000      112.945     1325.059
       0.096        0.000      113.203     1325.059
       0.096        0.000      113.461     1325.059
       0.096        0.000      113.461     1325.059
       0.096        0.000      113.719     1325.059
       0.096        0.000      113.977     1325.059
       0.096        0.000      113.977     1325.059
       0.096        0.000      114.234     1325.059
       0.096        0.000      114.492     1325.059
       0.097        0.000      114.492     1325.059
       0.097        0.000      114.750     1325.059
       0.097        0.000      115.008     1325.059
       0.097        0.000      115.008     1325.059
       0.097        0.000      115.266     1325.059
       0.097        0.000      115.523     1325.059
       0.097        0.000      115.523     1325.059
       0.097    19065.000      115.781     1325.059
       0.097        0.000      116.039     1325.059
       0.097        0.000      116.039     1325.059
       0.098        0.000      116.297     1325.059
       0.098        0.000      116.555     1325.059
       0.098        0.000      116.555     1325.059
       0.098        0.000      116.812     1325.059
       0.098        0.000      116.812     1325.059
       0.098        0.000      117.070     1325.059
       0.098        0.000      117.328     1325.059
       0.098        0.000      117.328     1325.059
       0.098        0.000      117.586     1325.059
       0.098        0.000      117.844     1325.059
       0.099        0.000      117.844     1325.059
       0.099        0.000      118.102     1325.059
       0.099        0.000      118.359     1325.059
       0.099        0.000      118.359     1325.059
       0.099        0.000      118.617     1325.059
       0.099        0.000      118.875     1325.059
       0.099        0.000      118.875     1325.059
       0.099        0.000      119.133     1325.059
       0.099        0.000      119.133     1325.059
       0.099        0.000      119.391     1325.059
       0.100        0.000      119.648     1325.059
       0.100        0.000      119.648     1325.059
       0.100        0.000      119.906     1325.059
       0.100        0.000      120.164     1325.059
       0.100        0.000      120.164     1325.059
       0.100        0.000      120.422     1325.059
       0.100        0.000      120.680     1325.059
       0.100        0.000      120.680     1325.059
       0.100        0.000      120.938     1325.059
       0.100        0.000      121.195     1325.059
       0.100        0.000      121.195     1325.059
       0.101        0.000      121.453     1325.059
       0.101        0.000      121.453     1325.059
       0.101        0.000      121.711     1325.059
       0.101        0.000      121.969     1325.059
       0.101        0.000      121.969     1325.059
       0.101        0.000      122.227     1325.059
       0.101        0.000      122.484     1325.059
       0.101        0.000      122.742     1325.059
       0.101        0.000      122.742     1325.059
       0.102        0.000      123.000     1325.059
       0.102        0.000      123.258     1325.059
       0.102        0.000      123.258     1325.059
       0.102        0.000      123.516     1325.059
       0.102        0.000      123.773     1325.059
       0.102        0.000      123.773     1325.059
       0.102        0.000      124.031     1325.059
       0.102        0.000      124.289     1325.059
       0.102        0.000      124.289     1325.059
       0.102        0.000      124.547     1325.059
       0.103        0.000      124.547     1325.059
       0.103        0.000      124.805     1325.059
       0.103        0.000      125.062     1325.059
       0.103        0.000      125.062     1325.059
       0.103        0.000      125.320     1325.059
       0.103        0.000      125.578     1325.059
       0.103        0.000      125.578     1325.059
       0.103        0.000      125.836     1325.059
       0.103        0.000      126.094     1325.059
       0.103        0.000      126.094     1325.059
       0.104        0.000      126.352     1325.059
       0.104        0.000      126.609     1325.059
       0.104        0.000      126.609     1325.059
       0.104        0.000      126.867     1325.059
       0.104        0.000      127.125     1325.059
       0.104        0.000      127.125     1325.059
       0.104        0.000      127.383     1325.059
       0.104        0.000      127.383     1325.059
       0.104        0.000      127.641     1325.059
       0.104        0.000      127.898     1325.059
       0.104        0.000      127.898     1325.059
       0.105        0.000      128.156     1325.059
       0.105        0.000      128.414     1325.059
       0.105        0.000      128.414     1325.059
       0.105        0.000      128.672     1325.059
       0.105        0.000      128.672     1325.059
       0.105        0.000      128.930     1325.059
       0.105        0.000      128.930     1325.059
       0.105        0.000      129.188     1325.059
       0.105        0.000      129.188     1325.059
       0.105        0.000      129.188     1325.059
       0.106        0.000      129.445     1325.059
       0.106        0.000      129.445     1325.059
       0.106        0.000      129.703     1325.059
       0.106        0.000      129.703     1325.059
       0.106        0.000      129.961     1325.059
       0.106        0.000      129.961     1325.059
       0.106        0.000      130.219     1325.059
       0.106        0.000      130.219     1325.059
       0.106        0.000      130.219     1325.059
       0.106        0.000      130.477     1325.059
       0.106        0.000      130.477     1325.059
       0.107        0.000      130.734     1325.059
       0.107        0.000      130.734     1325.059
       0.107        0.000      130.992     1325.059
       0.107        0.000      130.992     1325.059
       0.107        0.000      131.250     1325.059
       0.107        0.000      131.250     1325.059
       0.107        0.000      131.508     1325.059
       0.107        0.000      131.508     1325.059
       0.107        0.000      131.766     1325.059
       0.107        0.000      131.766     1325.059
       0.108        0.000      132.023     1325.059
       0.108        0.000      132.023     1325.059
       0.108        0.000      132.281     1325.059
       0.108        0.000      132.281     1325.059
       0.108        0.000      132.281     1325.059
       0.108        0.000      132.539     1325.059
       0.108        0.000      132.539     1325.059
       0.108        0.000      132.797     1325.059
       0.108        0.000      132.797     1325.059
       0.108        0.000      132.797     1325.059
       0.109        0.000      133.055     1325.059
       0.109        0.000      133.055     1325.059
       0.109        0.000      133.312     1325.059
       0.109        0.000      133.312     1325.059
       0.109        0.000      133.570     1325.059
       0.109        0.000      133.570     1325.059
       0.109        0.000      133.828     1325.059
       0.109        0.000      133.828     1325.059
       0.109        0.000      134.086     1325.059
       0.109        0.000      134.086     1325.059
       0.109        0.000      134.344     1325.059
       0.110        0.000      134.344     1325.059
       0.110        0.000      134.602     1325.059
       0.110        0.000      134.602     1325.059
       0.110        0.000      134.602     1325.059
       0.110        0.000      134.859     1325.059
       0.110        0.000      134.859     1325.059
       0.110        0.000      135.117     1325.059
       0.110        0.000      135.117     1325.059
       0.110        0.000      135.375     1325.059
       0.110        0.000      135.633     1325.059
       0.111        0.000      135.633     1325.059
       0.111        0.000      135.891     1325.059
       0.111        0.000      136.148     1325.059
       0.111        0.000      136.148     1325.059
       0.111        0.000      136.406     1325.059
       0.111        0.000      136.664     1325.059
       0.111        0.000      136.922     1325.059
       0.111        0.000      136.922     1325.059
       0.111        0.000      137.180     1325.059
       0.111        0.000      137.438     1325.059
       0.112        0.000      137.438     1325.059
       0.112        0.000      137.695     1325.059
       0.112        0.000      137.953     1325.059
       0.112        0.000      137.953     1325.059
       0.112        0.000      138.211     1325.059
       0.112        0.000      138.469     1325.059
       0.112        0.000      138.727     1325.059
       0.112        0.000      138.727     1325.059
       0.112        0.000      138.984     1325.059
       0.113        0.000      139.242     1325.059
       0.113        0.000      139.242     1325.059
       0.113        0.000      139.500     1325.059
       0.113        0.000      139.500     1325.059
       0.113        0.000      139.758     1325.059
       0.113        0.000      140.016     1325.059
       0.113     6626.100      140.273     1325.059
       0.113        0.000      140.531     1325.059
       0.113        0.000      140.531     1325.059
       0.114        0.000      140.789     1325.059
       0.114        0.000      141.047     1325.059
       0.114        0.000      141.305     1325.059
       0.114        0.000      141.562     1325.059
       0.114        0.000      141.820     1325.059
       0.114        0.000      142.078     1325.059
       0.114        0.000      142.336     1325.059
       0.115        0.000      142.594     1325.059
       0.115        0.000      142.852     1325.059
       0.115        0.000      143.109     1325.059
       0.115        0.000      143.367     1325.059
       0.115        0.000      143.625     1325.059
       0.115        0.000      143.625     1325.059
       0.115        0.000      143.883     1325.059
       0.115        0.000      144.141     1325.059
       0.116        0.000      144.141     1325.059
       0.116        0.000      144.398     1325.059
       0.116        0.000      144.656     1325.059
       0.116        0.000      144.656     1325.059
       0.116        0.000      144.914     1325.059
       0.116        0.000      145.172     1325.059
       0.116        0.000      145.430     1325.059
       0.116        0.000      145.688     1325.059
       0.117        0.000      145.945     1325.059
       0.117        0.000      146.203     1325.059
       0.117        0.000      146.461     1325.059
       0.117        0.000      146.719     1325.059
       0.117     5585.000      146.977     1325.059
       0.117        0.000      147.234     1325.059
       0.117        0.000      147.492     1325.059
       0.118        0.000      147.492     1325.059
       0.118        0.000      147.750     1325.059
       0.118        0.000      148.008     1325.059
       0.118        0.000      148.266     1325.059
       0.118        0.000      148.523     1325.059
       0.118        0.000      148.781     1325.059
       0.118        0.000      149.039     1325.059
       0.118        0.000      149.039     1325.059
       0.119        0.000      149.297     1325.059
       0.119        0.000      149.297     1325.059
       0.119        0.000      149.555     1325.059
       0.119        0.000      149.812     1325.059
       0.119        0.000      150.070     1325.059
       0.119        0.000      150.328     1325.059
       0.119        0.000      150.586     1325.059
       0.119        0.000      150.586     1325.059
       0.120        0.000      150.844     1325.059
       0.120        0.000      151.102     1325.059
       0.120        0.000      151.102     1325.059
       0.120        0.000      151.359     1325.059
       0.120        0.000      151.617     1325.059
       0.120        0.000      151.875     1325.059
       0.120        0.000      151.875     1325.059
       0.120        0.000      152.133     1325.059
       0.120        0.000      152.391     1325.059
       0.120        0.000      152.391     1325.059
       0.121        0.000      152.648     1325.059
       0.121        0.000      152.906     1325.059
       0.121        0.000      152.906     1325.059
       0.121        0.000      153.164     1325.059
       0.121        0.000      153.422     1325.059
       0.121        0.000      153.422     1325.059
       0.121        0.000      153.680     1325.059
       0.121        0.000      153.938     1325.059
       0.121        0.000      153.938     1325.059
       0.122        0.000      154.195     1325.059
       0.122        0.000      154.453     1325.059
       0.122        0.000      154.453     1325.059
       0.122        0.000      154.711     1325.059
       0.122        0.000      154.969     1325.059
       0.122        0.000      154.969     1325.059
       0.122        0.000      155.227     1325.059
       0.122        0.000      155.484     1325.059
       0.122        0.000      155.484     1325.059
       0.122        0.000      155.742     1325.059
       0.123        0.000      156.000     1325.059
       0.123        0.000      156.258     1325.059
       0.123        0.000      156.258     1325.059
       0.123        0.000      156.516     1325.059
       0.123        0.000      156.773     1325.059
       0.123        0.000      156.773     1325.059
       0.123        0.000      157.031     1325.059
       0.123        0.000      157.289     1325.059
       0.123        0.000      157.289     1325.059
       0.123        0.000      157.547     1325.059
       0.124        0.000      157.805     1325.059
       0.124        0.000      157.805     1325.059
       0.124        0.000      158.062     1325.059
       0.124        0.000      158.320     1325.059
       0.124        0.000      158.320     1325.059
       0.124        0.000      158.578     1325.059
       0.124        0.000      158.836     1325.059
       0.124        0.000      158.836     1325.059
       0.124        0.000      159.094     1325.059
       0.124        0.000      159.352     1325.059
       0.125        0.000      159.352     1325.059
       0.125        0.000      159.609     1325.059
       0.125        0.000      159.867     1325.059
       0.125        0.000      159.867     1325.059
       0.125        0.000      160.125     1325.059
       0.125        0.000      160.383     1325.059
       0.125        0.000      160.383     1325.059
       0.125        0.000      160.641     1325.059
       0.126        0.000      160.898     1325.059
       0.126        0.000      161.156     1325.059
       0.126        0.000      161.156     1325.059
       0.126        0.000      161.414     1325.059
       0.126        0.000      161.672     1325.059
       0.126        0.000      161.672     1325.059
       0.126        0.000      161.930     1325.059
       0.126        0.000      162.188     1325.059
       0.126        0.000      162.445     1325.059
       0.126        0.000      162.445     1325.059
       0.127        0.000      162.703     1325.059
       0.127        0.000      162.703     1325.059
       0.127        0.000      162.961     1325.059
       0.127        0.000      163.219     1325.059
       0.127        0.000      163.219     1325.059
       0.127        0.000      163.477     1325.059
       0.127        0.000      163.734     1325.059
       0.127        0.000      163.734     1325.059
       0.127        0.000      163.992     1325.059
       0.127        0.000      164.250     1325.059
       0.128        0.000      164.250     1325.059
       0.128        0.000      164.508     1325.059
       0.128        0.000      164.766     1325.059
       0.128        0.000      164.766     1325.059
       0.128        0.000      165.023     1325.059
       0.128        0.000      165.281     1325.059
       0.128        0.000      165.539     1325.059
       0.128        0.000      165.539     1325.059
       0.128        0.000      165.797     1325.059
       0.129        0.000      166.055     1325.059
       0.129        0.000      166.055     1325.059
       0.129        0.000      166.312     1325.059
       0.129        0.000      166.570     1325.059
       0.129        0.000      166.570     1325.059
       0.129        0.000      166.828     1325.059
       0.129        0.000      167.086     1325.059
       0.129        0.000      167.086     1325.059
       0.129     6213.800      167.344     1325.059
       0.129        0.000      167.602     1325.059
       0.130        0.000      167.859     1325.059
       0.130        0.000      167.859     1325.059
       0.130        0.000      168.117     1325.059
       0.130        0.000      168.117     1325.059
       0.130        0.000      168.375     1325.059
       0.130        0.000      168.633     1325.059
       0.130        0.000      168.633     1325.059
       0.130        0.000      168.891     1325.059
       0.130        0.000      169.148     1325.059
       0.130        0.000      169.148     1325.059
       0.130        0.000      169.406     1325.059
       0.131        0.000      169.664     1325.059
       0.131        0.000      169.664     1325.059
       0.131        0.000      169.922     1325.059
       0.131        0.000      170.180     1325.059
       0.131        0.000      170.180     1325.059
       0.131        0.000      170.438     1325.059
       0.131        0.000      170.695     1325.059
       0.131        0.000      170.695     1325.059
       0.131        0.000      170.953     1325.059
       0.131        0.000      171.211     1325.059
       0.132        0.000      171.211     1325.059
       0.132        0.000      171.469     1325.059
       0.132        0.000      171.469     1325.059
       0.132        0.000      171.727     1325.059
       0.132        0.000      171.984     1325.059
       0.132        0.000      171.984     1325.059
       0.132        0.000      172.242     1325.059
       0.132        0.000      172.500     1325.059
       0.132        0.000      172.500     1325.059
       0.132        0.000      172.758     1325.059
       0.133        0.000      173.016     1325.059
       0.133        0.000      173.016     1325.059
       0.133        0.000      173.273     1325.059
       0.133        0.000      173.531     1325.059
       0.133        0.000      173.531     1325.059
       0.133        0.000      173.789     1325.059
       0.133        0.000      174.047     1325.059
       0.133        0.000      174.047     1325.059
       0.133        0.000      174.305     1325.059
       0.133        0.000      174.305     1325.059
       0.133        0.000      174.562     1325.059
       0.134        0.000      174.820     1325.059
       0.134        0.000      174.820     1325.059
       0.134        0.000      175.078     1325.059
       0.134        0.000      175.336     1325.059
       0.134        0.000      175.336     1325.059
       0.134        0.000      175.594     1325.059
       0.134        0.000      175.852     1325.059
       0.134        0.000      175.852     1325.059
       0.134        0.000      176.109     1325.059
       0.134        0.000      176.367     1325.059
       0.135        0.000      176.367     1325.059
       0.135        0.000      176.625     1325.059
       0.135        0.000      176.625     1325.059
       0.135        0.000      176.883     1325.059
       0.135        0.000      177.141     1325.059
       0.135        0.000      177.141     1325.059
       0.135        0.000      177.398     1325.059
       0.135        0.000      177.656     1325.059
       0.135        0.000      177.656     1325.059
       0.135        0.000      177.914     1325.059
       0.135        0.000      178.172     1325.059
       0.136        0.000      178.172     1325.059
       0.136        0.000      178.430     1325.059
       0.136        0.000      178.430     1325.059
       0.136        0.000      178.688     1325.059
       0.136        0.000      178.945     1325.059
       0.136        0.000      179.203     1325.059
       0.136        0.000      179.203     1325.059
       0.136        0.000      179.461     1325.059
       0.136        0.000      179.719     1325.059
       0.136        0.000      179.719     1325.059
       0.137        0.000      179.977     1325.059
       0.137        0.000      180.234     1325.059
       0.137        0.000      180.234     1325.059
       0.137        0.000      180.492     1325.059
       0.137        0.000      180.492     1325.059
       0.137        0.000      180.750     1325.059
       0.137        0.000      181.008     1325.059
       0.137        0.000      181.266     1325.059
       0.137        0.000      181.523     1325.059
       0.138        0.000      181.523     1325.059
       0.138        0.000      181.781     1325.059
       0.138        0.000      181.781     1325.059
       0.138        0.000      182.039     1325.059
       0.138        0.000      182.297     1325.059
       0.138        0.000      182.297     1325.059
       0.138        0.000      182.555     1325.059
       0.138        0.000      182.812     1325.059
       0.138        0.000      182.812     1325.059
       0.138        0.000      183.070     1325.059
       0.139        0.000      183.328     1325.059
       0.139        0.000      183.328     1325.059
       0.139        0.000      183.586     1325.059
       0.139        0.000      183.844     1325.059
       0.139        0.000      183.844     1325.059
       0.139        0.000      184.102     1325.059
       0.139        0.000      184.359     1325.059
       0.139        0.000      184.359     1325.059
       0.139        0.000      184.617     1325.059
       0.139        0.000      184.875     1325.059
       0.140        0.000      184.875     1325.059
       0.140        0.000      185.133     1325.059
       0.140        0.000      185.133     1325.059
       0.140        0.000      185.391     1325.059
       0.140        0.000      185.648     1325.059
       0.140        0.000      185.648     1325.059
       0.140        0.000      185.906     1325.059
       0.140        0.000      186.164     1325.059
       0.140        0.000      186.422     1325.059
       0.141        0.000      186.680     1325.059
       0.141        0.000      186.680     1325.059
       0.141        0.000      186.938     1325.059
       0.141        0.000      187.195     1325.059
       0.141        0.000      187.195     1325.059
       0.141        0.000      187.453     1325.059
       0.141     9799.800      187.711     1325.059
       0.141        0.000      187.711     1325.059
       0.141        0.000      187.969     1325.059
       0.141        0.000      188.227     1325.059
       0.142        0.000      188.227     1325.059
       0.142        0.000      188.484     1325.059
       0.142        0.000      188.742     1325.059
       0.142        0.000      188.742     1325.059
       0.142        0.000      189.000     1325.059
       0.142        0.000      189.258     1325.059
       0.142        0.000      189.258     1325.059
       0.142        0.000      189.516     1325.059
       0.142        0.000      189.516     1325.059
       0.142        0.000      189.773     1325.059
       0.143        0.000      190.031     1325.059
       0.143        0.000      190.031     1325.059
       0.143        0.000      190.289     1325.059
       0.143        0.000      190.547     1325.059
       0.143        0.000      190.547     1325.059
       0.143        0.000      190.805     1325.059
       0.143        0.000      191.062     1325.059
       0.143        0.000      191.062     1325.059
       0.143        0.000      191.320     1325.059
       0.144        0.000      191.320     1325.059
       0.144        0.000      191.578     1325.059
       0.144        0.000      191.836     1325.059
       0.144        0.000      191.836     1325.059
       0.144        0.000      192.094     1325.059
       0.144        0.000      192.352     1325.059
       0.144        0.000      192.352     1325.059
       0.144        0.000      192.609     1325.059
       0.144        0.000      192.867     1325.059
       0.144        0.000      193.125     1325.059
       0.144        0.000      193.125     1325.059
       0.145        0.000      193.383     1325.059
       0.145        0.000      193.383     1325.059
       0.145        0.000      193.641     1325.059
       0.145        0.000      193.898     1325.059
       0.145        0.000      193.898     1325.059
       0.145        0.000      194.156     1325.059
       0.145        0.000      194.414     1325.059
       0.145        0.000      194.414     1325.059
       0.145        0.000      194.672     1325.059
       0.145        0.000      194.672     1325.059
       0.146        0.000      194.930     1325.059
       0.146        0.000      195.188     1325.059
       0.146        0.000      195.445     1325.059
       0.146        0.000        0.000        0.000
       0.146        0.000        0.000        0.000
       0.146        0.000        0.000        0.000
       0.146        0.000        0.000        0.000
       0.146        0.000        0.000        0.000
       0.146        0.000        0.000        0.000
       0.146        0.000        0.000        0.000
       0.146        0.000        0.000        0.000
       0.147        0.000        0.000        0.000
       0.147        0.000        0.000        0.000
       0.147        0.000        0.000        0.000
       0.147        0.000        0.000        0.000
       0.147        0.000        0.000        0.000
       0.147        0.000        0.000        0.000
       0.147        0.000        0.000        0.000
       0.147        0.000        0.000        0.000
       0.147        0.000        0.000        0.000
       0.147        0.000        0.000        0.000
       0.147        0.000        0.000        0.000
       0.147        0.000        0.000        0.000
       0.148        0.000        0.000        0.000
       0.148        0.000        0.000        0.000
       0.148        0.000        0.000        0.000
       0.148        0.000        0.000        0.000
       0.148        0.000        0.000        0.000
       0.148        0.000        0.000        0.000
       0.148        0.000        0.000        0.000
       0.148        0.000        0.000        0.000
       0.148        0.000        0.000        0.000
       0.148        0.000        0.000        0.000
       0.148        0.000        0.000        0.000
       0.149        0.000        0.000        0.000
       0.149        0.000        0.000        0.000
       0.149        0.000        0.000        0.000
       0.149        0.000        0.000        0.000
       0.149        0.000        0.000        0.000
       0.149        0.000        0.000        0.000
       0.149        0.000        0.000        0.000
       0.149        0.000        0.000        0.000
       0.149        0.000        0.000        0.000
       0.149        0.000        0.000        0.000
       0.149        0.000        0.000        0.000
       0.149        0.000        0.000        0.000
       0.150        0.000        0.000        0.000
       0.150        0.000        0.000        0.000
       0.150        0.000        0.000        0.000
       0.150        0.000        0.000        0.000
       0.150        0.000        0.000        0.000
       0.150        0.000        0.000        0.000
       0.150        0.000        0.000        0.000
       0.150        0.000        0.000        0.000
       0.150        0.000        0.000        0.000
       0.150        0.000        0.000        0.000
       0.150        0.000        0.000        0.000
       0.150        0.000        0.000        0.000
       0.151        0.000        0.000        0.000
       0.151        0.000        0.000        0.000
       0.151        0.000        0.000        0.000
       0.151        0.000        0.000        0.000
       0.151        0.000        0.000        0.000
       0.151        0.000        0.000        0.000
       0.151        0.000        0.000        0.000
       0.151        0.000        0.000        0.000
       0.151        0.000        0.000        0.000
       0.151        0.000        0.000        0.000
       0.151        0.000        0.000        0.000
       0.151        0.000        0.000        0.000
       0.152        0.000        0.000        0.000
       0.152        0.000        0.000        0.000
       0.152        0.000        0.000        0.000
       0.152        0.000        0.000        0.000
       0.152        0.000        0.000        0.000
       0.152        0.000        0.000        0.000
       0.152        0.000        0.000        0.000
       0.152        0.000        0.000        0.000
       0.152        0.000        0.000        0.000
       0.152        0.000        0.000        0.000
       0.152        0.000        0.000        0.000
       0.153        0.000        0.000        0.000
       0.153        0.000        0.000        0.000
       0.153        0.000        0.000        0.000
       0.153        0.000        0.000        0.000
       0.153        0.000        0.000        0.000
       0.153        0.000        0.000        0.000
       0.153        0.000        0.000        0.000
       0.153        0.000        0.000        0.000
       0.153    12192.700        0.000        0.000
